{
 "cells": [
  {
   "cell_type": "code",
   "execution_count": 161,
   "id": "fb56e5f5",
   "metadata": {},
   "outputs": [],
   "source": [
    "import pandas as pd\n",
    "import numpy as np"
   ]
  },
  {
   "cell_type": "code",
   "execution_count": 162,
   "id": "2253bb4a",
   "metadata": {},
   "outputs": [],
   "source": [
    "df = pd.read_csv(\"test-data/csvtest.csv\")"
   ]
  },
  {
   "cell_type": "code",
   "execution_count": 163,
   "id": "bd766216",
   "metadata": {},
   "outputs": [
    {
     "data": {
      "text/html": [
       "<div>\n",
       "<style scoped>\n",
       "    .dataframe tbody tr th:only-of-type {\n",
       "        vertical-align: middle;\n",
       "    }\n",
       "\n",
       "    .dataframe tbody tr th {\n",
       "        vertical-align: top;\n",
       "    }\n",
       "\n",
       "    .dataframe thead th {\n",
       "        text-align: right;\n",
       "    }\n",
       "</style>\n",
       "<table border=\"1\" class=\"dataframe\">\n",
       "  <thead>\n",
       "    <tr style=\"text-align: right;\">\n",
       "      <th></th>\n",
       "      <th>x</th>\n",
       "      <th>y</th>\n",
       "      <th>z</th>\n",
       "    </tr>\n",
       "  </thead>\n",
       "  <tbody>\n",
       "    <tr>\n",
       "      <th>0</th>\n",
       "      <td>36</td>\n",
       "      <td>78</td>\n",
       "      <td>96</td>\n",
       "    </tr>\n",
       "    <tr>\n",
       "      <th>1</th>\n",
       "      <td>37</td>\n",
       "      <td>79</td>\n",
       "      <td>95</td>\n",
       "    </tr>\n",
       "    <tr>\n",
       "      <th>2</th>\n",
       "      <td>36</td>\n",
       "      <td>78</td>\n",
       "      <td>94</td>\n",
       "    </tr>\n",
       "    <tr>\n",
       "      <th>3</th>\n",
       "      <td>35</td>\n",
       "      <td>79</td>\n",
       "      <td>93</td>\n",
       "    </tr>\n",
       "    <tr>\n",
       "      <th>4</th>\n",
       "      <td>36</td>\n",
       "      <td>79</td>\n",
       "      <td>93</td>\n",
       "    </tr>\n",
       "    <tr>\n",
       "      <th>5</th>\n",
       "      <td>36</td>\n",
       "      <td>80</td>\n",
       "      <td>92</td>\n",
       "    </tr>\n",
       "    <tr>\n",
       "      <th>6</th>\n",
       "      <td>36</td>\n",
       "      <td>81</td>\n",
       "      <td>91</td>\n",
       "    </tr>\n",
       "    <tr>\n",
       "      <th>7</th>\n",
       "      <td>36</td>\n",
       "      <td>82</td>\n",
       "      <td>90</td>\n",
       "    </tr>\n",
       "    <tr>\n",
       "      <th>8</th>\n",
       "      <td>37</td>\n",
       "      <td>82</td>\n",
       "      <td>89</td>\n",
       "    </tr>\n",
       "    <tr>\n",
       "      <th>9</th>\n",
       "      <td>37</td>\n",
       "      <td>83</td>\n",
       "      <td>88</td>\n",
       "    </tr>\n",
       "  </tbody>\n",
       "</table>\n",
       "</div>"
      ],
      "text/plain": [
       "    x   y   z\n",
       "0  36  78  96\n",
       "1  37  79  95\n",
       "2  36  78  94\n",
       "3  35  79  93\n",
       "4  36  79  93\n",
       "5  36  80  92\n",
       "6  36  81  91\n",
       "7  36  82  90\n",
       "8  37  82  89\n",
       "9  37  83  88"
      ]
     },
     "execution_count": 163,
     "metadata": {},
     "output_type": "execute_result"
    }
   ],
   "source": [
    "df"
   ]
  },
  {
   "cell_type": "code",
   "execution_count": 164,
   "id": "fb9afad2",
   "metadata": {},
   "outputs": [
    {
     "name": "stderr",
     "output_type": "stream",
     "text": [
      "/var/folders/sd/1vc_q83x5rn9jjrd0x47_cc00000gn/T/ipykernel_42895/2436364694.py:3: FutureWarning: In a future version of pandas all arguments of DataFrame.drop except for the argument 'labels' will be keyword-only\n",
      "  v = df1.merge(df1, on='key').drop('key', 1)\n"
     ]
    }
   ],
   "source": [
    "df1=df\n",
    "df1['key'] = 1\n",
    "v = df1.merge(df1, on='key').drop('key', 1)"
   ]
  },
  {
   "cell_type": "code",
   "execution_count": 165,
   "id": "6793f932",
   "metadata": {},
   "outputs": [
    {
     "data": {
      "text/html": [
       "<div>\n",
       "<style scoped>\n",
       "    .dataframe tbody tr th:only-of-type {\n",
       "        vertical-align: middle;\n",
       "    }\n",
       "\n",
       "    .dataframe tbody tr th {\n",
       "        vertical-align: top;\n",
       "    }\n",
       "\n",
       "    .dataframe thead th {\n",
       "        text-align: right;\n",
       "    }\n",
       "</style>\n",
       "<table border=\"1\" class=\"dataframe\">\n",
       "  <thead>\n",
       "    <tr style=\"text-align: right;\">\n",
       "      <th></th>\n",
       "      <th>x</th>\n",
       "      <th>y</th>\n",
       "      <th>z</th>\n",
       "      <th>key</th>\n",
       "    </tr>\n",
       "  </thead>\n",
       "  <tbody>\n",
       "    <tr>\n",
       "      <th>0</th>\n",
       "      <td>36</td>\n",
       "      <td>78</td>\n",
       "      <td>96</td>\n",
       "      <td>1</td>\n",
       "    </tr>\n",
       "    <tr>\n",
       "      <th>1</th>\n",
       "      <td>37</td>\n",
       "      <td>79</td>\n",
       "      <td>95</td>\n",
       "      <td>1</td>\n",
       "    </tr>\n",
       "    <tr>\n",
       "      <th>2</th>\n",
       "      <td>36</td>\n",
       "      <td>78</td>\n",
       "      <td>94</td>\n",
       "      <td>1</td>\n",
       "    </tr>\n",
       "    <tr>\n",
       "      <th>3</th>\n",
       "      <td>35</td>\n",
       "      <td>79</td>\n",
       "      <td>93</td>\n",
       "      <td>1</td>\n",
       "    </tr>\n",
       "    <tr>\n",
       "      <th>4</th>\n",
       "      <td>36</td>\n",
       "      <td>79</td>\n",
       "      <td>93</td>\n",
       "      <td>1</td>\n",
       "    </tr>\n",
       "    <tr>\n",
       "      <th>5</th>\n",
       "      <td>36</td>\n",
       "      <td>80</td>\n",
       "      <td>92</td>\n",
       "      <td>1</td>\n",
       "    </tr>\n",
       "    <tr>\n",
       "      <th>6</th>\n",
       "      <td>36</td>\n",
       "      <td>81</td>\n",
       "      <td>91</td>\n",
       "      <td>1</td>\n",
       "    </tr>\n",
       "    <tr>\n",
       "      <th>7</th>\n",
       "      <td>36</td>\n",
       "      <td>82</td>\n",
       "      <td>90</td>\n",
       "      <td>1</td>\n",
       "    </tr>\n",
       "    <tr>\n",
       "      <th>8</th>\n",
       "      <td>37</td>\n",
       "      <td>82</td>\n",
       "      <td>89</td>\n",
       "      <td>1</td>\n",
       "    </tr>\n",
       "    <tr>\n",
       "      <th>9</th>\n",
       "      <td>37</td>\n",
       "      <td>83</td>\n",
       "      <td>88</td>\n",
       "      <td>1</td>\n",
       "    </tr>\n",
       "  </tbody>\n",
       "</table>\n",
       "</div>"
      ],
      "text/plain": [
       "    x   y   z  key\n",
       "0  36  78  96    1\n",
       "1  37  79  95    1\n",
       "2  36  78  94    1\n",
       "3  35  79  93    1\n",
       "4  36  79  93    1\n",
       "5  36  80  92    1\n",
       "6  36  81  91    1\n",
       "7  36  82  90    1\n",
       "8  37  82  89    1\n",
       "9  37  83  88    1"
      ]
     },
     "execution_count": 165,
     "metadata": {},
     "output_type": "execute_result"
    }
   ],
   "source": [
    "df1"
   ]
  },
  {
   "cell_type": "code",
   "execution_count": 166,
   "id": "9670f16d",
   "metadata": {},
   "outputs": [
    {
     "data": {
      "text/html": [
       "<div>\n",
       "<style scoped>\n",
       "    .dataframe tbody tr th:only-of-type {\n",
       "        vertical-align: middle;\n",
       "    }\n",
       "\n",
       "    .dataframe tbody tr th {\n",
       "        vertical-align: top;\n",
       "    }\n",
       "\n",
       "    .dataframe thead th {\n",
       "        text-align: right;\n",
       "    }\n",
       "</style>\n",
       "<table border=\"1\" class=\"dataframe\">\n",
       "  <thead>\n",
       "    <tr style=\"text-align: right;\">\n",
       "      <th></th>\n",
       "      <th>x_x</th>\n",
       "      <th>y_x</th>\n",
       "      <th>z_x</th>\n",
       "      <th>x_y</th>\n",
       "      <th>y_y</th>\n",
       "      <th>z_y</th>\n",
       "    </tr>\n",
       "  </thead>\n",
       "  <tbody>\n",
       "    <tr>\n",
       "      <th>0</th>\n",
       "      <td>36</td>\n",
       "      <td>78</td>\n",
       "      <td>96</td>\n",
       "      <td>36</td>\n",
       "      <td>78</td>\n",
       "      <td>96</td>\n",
       "    </tr>\n",
       "    <tr>\n",
       "      <th>1</th>\n",
       "      <td>36</td>\n",
       "      <td>78</td>\n",
       "      <td>96</td>\n",
       "      <td>37</td>\n",
       "      <td>79</td>\n",
       "      <td>95</td>\n",
       "    </tr>\n",
       "    <tr>\n",
       "      <th>2</th>\n",
       "      <td>36</td>\n",
       "      <td>78</td>\n",
       "      <td>96</td>\n",
       "      <td>36</td>\n",
       "      <td>78</td>\n",
       "      <td>94</td>\n",
       "    </tr>\n",
       "    <tr>\n",
       "      <th>3</th>\n",
       "      <td>36</td>\n",
       "      <td>78</td>\n",
       "      <td>96</td>\n",
       "      <td>35</td>\n",
       "      <td>79</td>\n",
       "      <td>93</td>\n",
       "    </tr>\n",
       "    <tr>\n",
       "      <th>4</th>\n",
       "      <td>36</td>\n",
       "      <td>78</td>\n",
       "      <td>96</td>\n",
       "      <td>36</td>\n",
       "      <td>79</td>\n",
       "      <td>93</td>\n",
       "    </tr>\n",
       "    <tr>\n",
       "      <th>...</th>\n",
       "      <td>...</td>\n",
       "      <td>...</td>\n",
       "      <td>...</td>\n",
       "      <td>...</td>\n",
       "      <td>...</td>\n",
       "      <td>...</td>\n",
       "    </tr>\n",
       "    <tr>\n",
       "      <th>95</th>\n",
       "      <td>37</td>\n",
       "      <td>83</td>\n",
       "      <td>88</td>\n",
       "      <td>36</td>\n",
       "      <td>80</td>\n",
       "      <td>92</td>\n",
       "    </tr>\n",
       "    <tr>\n",
       "      <th>96</th>\n",
       "      <td>37</td>\n",
       "      <td>83</td>\n",
       "      <td>88</td>\n",
       "      <td>36</td>\n",
       "      <td>81</td>\n",
       "      <td>91</td>\n",
       "    </tr>\n",
       "    <tr>\n",
       "      <th>97</th>\n",
       "      <td>37</td>\n",
       "      <td>83</td>\n",
       "      <td>88</td>\n",
       "      <td>36</td>\n",
       "      <td>82</td>\n",
       "      <td>90</td>\n",
       "    </tr>\n",
       "    <tr>\n",
       "      <th>98</th>\n",
       "      <td>37</td>\n",
       "      <td>83</td>\n",
       "      <td>88</td>\n",
       "      <td>37</td>\n",
       "      <td>82</td>\n",
       "      <td>89</td>\n",
       "    </tr>\n",
       "    <tr>\n",
       "      <th>99</th>\n",
       "      <td>37</td>\n",
       "      <td>83</td>\n",
       "      <td>88</td>\n",
       "      <td>37</td>\n",
       "      <td>83</td>\n",
       "      <td>88</td>\n",
       "    </tr>\n",
       "  </tbody>\n",
       "</table>\n",
       "<p>100 rows × 6 columns</p>\n",
       "</div>"
      ],
      "text/plain": [
       "    x_x  y_x  z_x  x_y  y_y  z_y\n",
       "0    36   78   96   36   78   96\n",
       "1    36   78   96   37   79   95\n",
       "2    36   78   96   36   78   94\n",
       "3    36   78   96   35   79   93\n",
       "4    36   78   96   36   79   93\n",
       "..  ...  ...  ...  ...  ...  ...\n",
       "95   37   83   88   36   80   92\n",
       "96   37   83   88   36   81   91\n",
       "97   37   83   88   36   82   90\n",
       "98   37   83   88   37   82   89\n",
       "99   37   83   88   37   83   88\n",
       "\n",
       "[100 rows x 6 columns]"
      ]
     },
     "execution_count": 166,
     "metadata": {},
     "output_type": "execute_result"
    }
   ],
   "source": [
    "v"
   ]
  },
  {
   "cell_type": "code",
   "execution_count": 167,
   "id": "3d9e7735",
   "metadata": {},
   "outputs": [],
   "source": [
    "a, b = np.split(v.values, 2, axis=1)\n",
    "n=np.linalg.norm(a-b, axis=1)"
   ]
  },
  {
   "cell_type": "code",
   "execution_count": 168,
   "id": "dd679f8f",
   "metadata": {},
   "outputs": [
    {
     "data": {
      "text/plain": [
       "array([0.        , 1.73205081, 2.        , 3.31662479, 3.16227766,\n",
       "       4.47213595, 5.83095189, 7.21110255, 8.1240384 , 9.48683298,\n",
       "       1.73205081, 0.        , 1.73205081, 2.82842712, 2.23606798,\n",
       "       3.31662479, 4.58257569, 5.91607978, 6.70820393, 8.06225775,\n",
       "       2.        , 1.73205081, 0.        , 1.73205081, 1.41421356,\n",
       "       2.82842712, 4.24264069, 5.65685425, 6.4807407 , 7.87400787,\n",
       "       3.31662479, 2.82842712, 1.73205081, 0.        , 1.        ,\n",
       "       1.73205081, 3.        , 4.35889894, 5.38516481, 6.70820393,\n",
       "       3.16227766, 2.23606798, 1.41421356, 1.        , 0.        ,\n",
       "       1.41421356, 2.82842712, 4.24264069, 5.09901951, 6.4807407 ,\n",
       "       4.47213595, 3.31662479, 2.82842712, 1.73205081, 1.41421356,\n",
       "       0.        , 1.41421356, 2.82842712, 3.74165739, 5.09901951,\n",
       "       5.83095189, 4.58257569, 4.24264069, 3.        , 2.82842712,\n",
       "       1.41421356, 0.        , 1.41421356, 2.44948974, 3.74165739,\n",
       "       7.21110255, 5.91607978, 5.65685425, 4.35889894, 4.24264069,\n",
       "       2.82842712, 1.41421356, 0.        , 1.41421356, 2.44948974,\n",
       "       8.1240384 , 6.70820393, 6.4807407 , 5.38516481, 5.09901951,\n",
       "       3.74165739, 2.44948974, 1.41421356, 0.        , 1.41421356,\n",
       "       9.48683298, 8.06225775, 7.87400787, 6.70820393, 6.4807407 ,\n",
       "       5.09901951, 3.74165739, 2.44948974, 1.41421356, 0.        ])"
      ]
     },
     "execution_count": 168,
     "metadata": {},
     "output_type": "execute_result"
    }
   ],
   "source": [
    "n"
   ]
  },
  {
   "cell_type": "markdown",
   "id": "61e47e24",
   "metadata": {},
   "source": [
    "## Distance Computation Function:\n"
   ]
  },
  {
   "cell_type": "markdown",
   "id": "056ee17e",
   "metadata": {},
   "source": [
    "## Create generator function since brute force approach is extremely expensive computationally:\n",
    "\n",
    "\n",
    "if `df` is of the form:<br><br>\n",
    "df=<br>\n",
    "&emsp;&emsp;x&emsp;y&emsp;z<br>\n",
    "0&emsp; x0  y0  z0<br>\n",
    "1&emsp;  x1  y1  z1<br>\n",
    "2&emsp;  x2  y2  z2<br>\n",
    ".<br>\n",
    ".<br>\n",
    ".<br>\n",
    "\n",
    "the we could get the associated distances between each node and every other node by the operations:<br>\n",
    "df['key'] = 1<br>\n",
    "We create a `Cartersian product` from the dataframe nodes with the following:<br><br>\n",
    "df1 = df.merge(df, on='key').drop('key', 1)<br><br>\n",
    "a, b = np.split(df1.values, 2, axis=1)<br>\n",
    "np.linalg.norm(a-b, axis=1)<br><br>\n",
    "\n",
    "However, requires $O(N^2)$ memory to create the cartesian product. This can become an issue as the matrix grows (as number of nodes grows).<br>\n",
    "To avoid this to some extend, we can instead create a generator that does the same thing, at the cost of some speed/performance."
   ]
  },
  {
   "cell_type": "markdown",
   "id": "d5c43ef4",
   "metadata": {},
   "source": [
    "## Distance Generator function:"
   ]
  },
  {
   "cell_type": "code",
   "execution_count": 169,
   "id": "9da4a147",
   "metadata": {},
   "outputs": [],
   "source": [
    "def c2d(coordinatesDictionary:dict,timestep,moleculeID):\n",
    "    return pd.DataFrame(coordinatesDictionary[\"structured-data\"][timestep][moleculeID]).T\n",
    "\n",
    "def atom1ToOrigin(atomsdf):\n",
    "    first_row = atomsdf.iloc[[0]].values[0]\n",
    "    return atomsdf.apply(lambda row: row - first_row, axis=1)\n",
    "\n",
    "def node2node_distances_dataframe(atomsdf):\n",
    "    '''returns N x N dataframe where N=natoms'''\n",
    "    def node2node_distances(atomsdf:object):\n",
    "        def distance_generator(atomsdf:object):\n",
    "            '''lazy distance computation generator'''\n",
    "            coordinates = atomsdf.values\n",
    "            for x in coordinates:\n",
    "                for y in coordinates:\n",
    "                    yield np.linalg.norm(x - y)\n",
    "            return\n",
    "        return np.array(list(distance_generator(atomsdf))).reshape(len(atomsdf),len(atomsdf)) #reshape because we return a (len(atomsdf)xlen(atomsdf))x1 array otherwise. So we group len(n) elements at a time\n",
    "    \n",
    "    def node_distances_dataframe(atomsdf:object):\n",
    "        distances_matrix = node2node_distances(atomsdf)\n",
    "        return pd.DataFrame(distances_matrix)\n",
    "        \n",
    "    return node_distances_dataframe(atomsdf)"
   ]
  },
  {
   "cell_type": "code",
   "execution_count": 170,
   "id": "50ea1b5a",
   "metadata": {},
   "outputs": [],
   "source": [
    "distances_matrix = node2node_distances_dataframe(df)"
   ]
  },
  {
   "cell_type": "code",
   "execution_count": 171,
   "id": "f22e6d7a",
   "metadata": {},
   "outputs": [
    {
     "data": {
      "text/html": [
       "<div>\n",
       "<style scoped>\n",
       "    .dataframe tbody tr th:only-of-type {\n",
       "        vertical-align: middle;\n",
       "    }\n",
       "\n",
       "    .dataframe tbody tr th {\n",
       "        vertical-align: top;\n",
       "    }\n",
       "\n",
       "    .dataframe thead th {\n",
       "        text-align: right;\n",
       "    }\n",
       "</style>\n",
       "<table border=\"1\" class=\"dataframe\">\n",
       "  <thead>\n",
       "    <tr style=\"text-align: right;\">\n",
       "      <th></th>\n",
       "      <th>0</th>\n",
       "      <th>1</th>\n",
       "      <th>2</th>\n",
       "      <th>3</th>\n",
       "      <th>4</th>\n",
       "      <th>5</th>\n",
       "      <th>6</th>\n",
       "      <th>7</th>\n",
       "      <th>8</th>\n",
       "      <th>9</th>\n",
       "    </tr>\n",
       "  </thead>\n",
       "  <tbody>\n",
       "    <tr>\n",
       "      <th>0</th>\n",
       "      <td>0.000000</td>\n",
       "      <td>1.732051</td>\n",
       "      <td>2.000000</td>\n",
       "      <td>3.316625</td>\n",
       "      <td>3.162278</td>\n",
       "      <td>4.472136</td>\n",
       "      <td>5.830952</td>\n",
       "      <td>7.211103</td>\n",
       "      <td>8.124038</td>\n",
       "      <td>9.486833</td>\n",
       "    </tr>\n",
       "    <tr>\n",
       "      <th>1</th>\n",
       "      <td>1.732051</td>\n",
       "      <td>0.000000</td>\n",
       "      <td>1.732051</td>\n",
       "      <td>2.828427</td>\n",
       "      <td>2.236068</td>\n",
       "      <td>3.316625</td>\n",
       "      <td>4.582576</td>\n",
       "      <td>5.916080</td>\n",
       "      <td>6.708204</td>\n",
       "      <td>8.062258</td>\n",
       "    </tr>\n",
       "    <tr>\n",
       "      <th>2</th>\n",
       "      <td>2.000000</td>\n",
       "      <td>1.732051</td>\n",
       "      <td>0.000000</td>\n",
       "      <td>1.732051</td>\n",
       "      <td>1.414214</td>\n",
       "      <td>2.828427</td>\n",
       "      <td>4.242641</td>\n",
       "      <td>5.656854</td>\n",
       "      <td>6.480741</td>\n",
       "      <td>7.874008</td>\n",
       "    </tr>\n",
       "    <tr>\n",
       "      <th>3</th>\n",
       "      <td>3.316625</td>\n",
       "      <td>2.828427</td>\n",
       "      <td>1.732051</td>\n",
       "      <td>0.000000</td>\n",
       "      <td>1.000000</td>\n",
       "      <td>1.732051</td>\n",
       "      <td>3.000000</td>\n",
       "      <td>4.358899</td>\n",
       "      <td>5.385165</td>\n",
       "      <td>6.708204</td>\n",
       "    </tr>\n",
       "    <tr>\n",
       "      <th>4</th>\n",
       "      <td>3.162278</td>\n",
       "      <td>2.236068</td>\n",
       "      <td>1.414214</td>\n",
       "      <td>1.000000</td>\n",
       "      <td>0.000000</td>\n",
       "      <td>1.414214</td>\n",
       "      <td>2.828427</td>\n",
       "      <td>4.242641</td>\n",
       "      <td>5.099020</td>\n",
       "      <td>6.480741</td>\n",
       "    </tr>\n",
       "    <tr>\n",
       "      <th>5</th>\n",
       "      <td>4.472136</td>\n",
       "      <td>3.316625</td>\n",
       "      <td>2.828427</td>\n",
       "      <td>1.732051</td>\n",
       "      <td>1.414214</td>\n",
       "      <td>0.000000</td>\n",
       "      <td>1.414214</td>\n",
       "      <td>2.828427</td>\n",
       "      <td>3.741657</td>\n",
       "      <td>5.099020</td>\n",
       "    </tr>\n",
       "    <tr>\n",
       "      <th>6</th>\n",
       "      <td>5.830952</td>\n",
       "      <td>4.582576</td>\n",
       "      <td>4.242641</td>\n",
       "      <td>3.000000</td>\n",
       "      <td>2.828427</td>\n",
       "      <td>1.414214</td>\n",
       "      <td>0.000000</td>\n",
       "      <td>1.414214</td>\n",
       "      <td>2.449490</td>\n",
       "      <td>3.741657</td>\n",
       "    </tr>\n",
       "    <tr>\n",
       "      <th>7</th>\n",
       "      <td>7.211103</td>\n",
       "      <td>5.916080</td>\n",
       "      <td>5.656854</td>\n",
       "      <td>4.358899</td>\n",
       "      <td>4.242641</td>\n",
       "      <td>2.828427</td>\n",
       "      <td>1.414214</td>\n",
       "      <td>0.000000</td>\n",
       "      <td>1.414214</td>\n",
       "      <td>2.449490</td>\n",
       "    </tr>\n",
       "    <tr>\n",
       "      <th>8</th>\n",
       "      <td>8.124038</td>\n",
       "      <td>6.708204</td>\n",
       "      <td>6.480741</td>\n",
       "      <td>5.385165</td>\n",
       "      <td>5.099020</td>\n",
       "      <td>3.741657</td>\n",
       "      <td>2.449490</td>\n",
       "      <td>1.414214</td>\n",
       "      <td>0.000000</td>\n",
       "      <td>1.414214</td>\n",
       "    </tr>\n",
       "    <tr>\n",
       "      <th>9</th>\n",
       "      <td>9.486833</td>\n",
       "      <td>8.062258</td>\n",
       "      <td>7.874008</td>\n",
       "      <td>6.708204</td>\n",
       "      <td>6.480741</td>\n",
       "      <td>5.099020</td>\n",
       "      <td>3.741657</td>\n",
       "      <td>2.449490</td>\n",
       "      <td>1.414214</td>\n",
       "      <td>0.000000</td>\n",
       "    </tr>\n",
       "  </tbody>\n",
       "</table>\n",
       "</div>"
      ],
      "text/plain": [
       "          0         1         2         3         4         5         6  \\\n",
       "0  0.000000  1.732051  2.000000  3.316625  3.162278  4.472136  5.830952   \n",
       "1  1.732051  0.000000  1.732051  2.828427  2.236068  3.316625  4.582576   \n",
       "2  2.000000  1.732051  0.000000  1.732051  1.414214  2.828427  4.242641   \n",
       "3  3.316625  2.828427  1.732051  0.000000  1.000000  1.732051  3.000000   \n",
       "4  3.162278  2.236068  1.414214  1.000000  0.000000  1.414214  2.828427   \n",
       "5  4.472136  3.316625  2.828427  1.732051  1.414214  0.000000  1.414214   \n",
       "6  5.830952  4.582576  4.242641  3.000000  2.828427  1.414214  0.000000   \n",
       "7  7.211103  5.916080  5.656854  4.358899  4.242641  2.828427  1.414214   \n",
       "8  8.124038  6.708204  6.480741  5.385165  5.099020  3.741657  2.449490   \n",
       "9  9.486833  8.062258  7.874008  6.708204  6.480741  5.099020  3.741657   \n",
       "\n",
       "          7         8         9  \n",
       "0  7.211103  8.124038  9.486833  \n",
       "1  5.916080  6.708204  8.062258  \n",
       "2  5.656854  6.480741  7.874008  \n",
       "3  4.358899  5.385165  6.708204  \n",
       "4  4.242641  5.099020  6.480741  \n",
       "5  2.828427  3.741657  5.099020  \n",
       "6  1.414214  2.449490  3.741657  \n",
       "7  0.000000  1.414214  2.449490  \n",
       "8  1.414214  0.000000  1.414214  \n",
       "9  2.449490  1.414214  0.000000  "
      ]
     },
     "execution_count": 171,
     "metadata": {},
     "output_type": "execute_result"
    }
   ],
   "source": [
    "distances_matrix"
   ]
  },
  {
   "cell_type": "code",
   "execution_count": null,
   "id": "d86174b8",
   "metadata": {},
   "outputs": [],
   "source": []
  }
 ],
 "metadata": {
  "kernelspec": {
   "display_name": "Python 3 (ipykernel)",
   "language": "python",
   "name": "python3"
  },
  "language_info": {
   "codemirror_mode": {
    "name": "ipython",
    "version": 3
   },
   "file_extension": ".py",
   "mimetype": "text/x-python",
   "name": "python",
   "nbconvert_exporter": "python",
   "pygments_lexer": "ipython3",
   "version": "3.9.10"
  }
 },
 "nbformat": 4,
 "nbformat_minor": 5
}
